6.460090219219246643e-01 4.485408524521896254e-06
6.457025493396393312e-01 4.562011230042973350e-06
6.448367231327359894e-01 4.830307891504939294e-06
6.434026611669826368e-01 4.402585512881971319e-06
6.413886514413705831e-01 4.475593617380375400e-06
6.387775451937950377e-01 4.585066226861253396e-06
6.355464072494413363e-01 4.826302447542964154e-06
6.316635727456896277e-01 4.872957114297250801e-06
6.270945001002283803e-01 4.827743708111329042e-06
6.217936581134694274e-01 5.003132423552372197e-06
6.157062138440105858e-01 4.863116264422309233e-06
6.087649590649752973e-01 5.038930760161637532e-06
6.008928662000996290e-01 5.439557249502436027e-06
5.919931161432094857e-01 5.060532764590849453e-06
5.819522381625543694e-01 5.249384570229775283e-06
5.706345243373719400e-01 5.502180379623885186e-06
5.578784570194126324e-01 5.940127375098835173e-06
5.434913363145756904e-01 6.161726254225311151e-06
5.272581902435093948e-01 6.280578575791180813e-06
5.089404796632061023e-01 6.718524932312885866e-06
4.883028463517493645e-01 6.749273037826951739e-06
4.651640248762427543e-01 7.197873435139906581e-06
4.394989510128213817e-01 7.946387513011979347e-06
4.115683085362242810e-01 7.482028466579784130e-06
3.820503258590502993e-01 7.681332607222586556e-06
3.520172646471009248e-01 7.764994720623391361e-06
3.226835031838422019e-01 7.831947308802659867e-06
2.950489065529477983e-01 7.420027311325204506e-06
2.697010252339990255e-01 6.763886806079147123e-06
2.468237804775247901e-01 6.417962041960340601e-06
