2.218423878681230824e-02 3.307565579061877948e-06
2.217620416892265856e-02 2.988404077582033943e-06
2.215303277665487541e-02 3.042306544349386790e-06
2.211514643158588034e-02 3.139909414034164070e-06
2.206247249941994601e-02 3.151925713905237922e-06
2.199460666333498404e-02 3.287466877484188904e-06
2.191217400692113682e-02 3.326036044356520713e-06
2.181700892049588669e-02 3.153324180021293976e-06
2.170699548006640306e-02 3.068844539587498714e-06
2.158416961763794800e-02 3.086758916133132694e-06
2.144764055107318754e-02 3.199564191070393997e-06
2.129936306907993446e-02 2.872895956764143360e-06
2.113894580088247765e-02 2.906035101740755681e-06
2.096722636790929531e-02 2.980308599153914394e-06
2.078454803687558583e-02 2.973234957254475204e-06
2.059091971288910111e-02 3.081683304540631555e-06
2.038729760761739951e-02 3.099863438949979528e-06
2.017571268999405337e-02 2.919163942596377900e-06
1.995450621347507128e-02 2.825108859335640101e-06
1.972583215599919143e-02 2.825905765540223605e-06
1.948910974179859923e-02 2.913933452081846222e-06
1.924633332617826584e-02 2.600797540478853260e-06
1.899732025847590891e-02 2.615693507923842379e-06
1.874297521713400722e-02 2.669643997581820223e-06
1.848371686707773673e-02 2.648310962201327315e-06
1.821965156827539539e-02 2.730912853091702659e-06
1.795169018514877757e-02 2.734913063270302524e-06
1.768165989336842325e-02 2.563317525089995161e-06
1.740810975177187886e-02 2.470182841984675791e-06
1.713290857858469282e-02 2.459065885463220837e-06
