2.256396233280418708e-05 3.240871309898516461e-01 1.310672291113783446e-04
4.886264946552078877e-04 3.240320505050045541e-01 1.230441804890181230e-04
9.546890269776116527e-04 3.237819447631481995e-01 1.069377992074005456e-04
1.420751559300015201e-03 3.234432498689087665e-01 1.241710191755903564e-04
1.886814091622418966e-03 3.229515766005248145e-01 1.229380682294901536e-04
2.352876623944822731e-03 3.222934705875936667e-01 1.049466970210177481e-04
2.818939156267226496e-03 3.215336571796105769e-01 1.016269752735195691e-04
3.285001688589630261e-03 3.206315625541855674e-01 1.179700764798621404e-04
3.751064220912034026e-03 3.196012749835462352e-01 1.406912700689129782e-04
4.217126753234437357e-03 3.184461008113662617e-01 1.205365243131391014e-04
4.683189285556841122e-03 3.171402476316631525e-01 1.333745407343797315e-04
5.149251817879244887e-03 3.157416363367941958e-01 1.298003811009423457e-04
5.615314350201648652e-03 3.141601383986173390e-01 1.146935649464256269e-04
6.081376882524052417e-03 3.125191931168254666e-01 1.318959189934491665e-04
6.547439414846456182e-03 3.107473333368038215e-01 1.312077953616600705e-04
7.013501947168859947e-03 3.088312355447883628e-01 1.114453345017055782e-04
7.479564479491263712e-03 3.068381507470692715e-01 1.096203843845075651e-04
7.945627011813666610e-03 3.047349285426911303e-01 1.221629090604122467e-04
8.411689544136069507e-03 3.025360549711801350e-01 1.465665848763067752e-04
8.877752076458474140e-03 3.002476382751850248e-01 1.280478190969499641e-04
9.343814608780877037e-03 2.978473636372880318e-01 1.419963033617532258e-04
9.809877141103281670e-03 2.953876256192228822e-01 1.423367997568509278e-04
1.027593967342568457e-02 2.927835853950926381e-01 1.274588920698787394e-04
1.074200220574808920e-02 2.901646047776799131e-01 1.442260635107272062e-04
1.120806473807049210e-02 2.874570377468995130e-01 1.425700439516709554e-04
1.167412727039289673e-02 2.846480727435343749e-01 1.211396945625005384e-04
1.214018980271529963e-02 2.817997701020809043e-01 1.205002296482256762e-04
1.260625233503770426e-02 2.788898091413311020e-01 1.295431170010087380e-04
1.307231486736010716e-02 2.759286672154928621e-01 1.550470809283983225e-04
1.353837739968251179e-02 2.729257357641184933e-01 1.389705515800471051e-04
